202.3504445864694 0.42255880765196707
211.76215089258565 0.427522787771224
219.99739391043738 0.4318662703755791
231.76202679308267 0.4380712455246538
242.35019638746343 0.44365572315882673
250.58543940531516 0.44799920576318186
256.46775584663783 0.4511016933377192
262.3500722879605 0.45420418091225656
267.053443450959 0.6676553260404177
274.1072592004269 1.0933166212669363
278.78829245288875 3.2054901620118983
281.1213631089407 4.894484397589991
282.2779704767282 6.582858135653154
284.606077152661 8.693790681368313
285.7552385502696 11.01507188463711
286.9043999478782 13.336353087905891
289.21513269339357 16.92406971910077
289.2349886138706 15.236316478552496
292.67502683651753 22.833067553564433
292.70232872717344 20.512406847810567
292.72218464765047 18.82465360726229
296.1820787907744 24.733651441725968
298.51266745676685 26.6336148323726
299.6593468643158 29.16586519070991
300.80602627186477 31.698115549047216
304.3031502658832 34.44257605748288
306.6188469915178 37.60835437854071
307.770490379186 39.71866642674096
311.2750603433833 41.83021946997102
312.4366316912901 43.09665489789713
314.7448824467458 46.89534068416055
314.7697023473421 44.78564913347522
319.4283976892673 48.79654506983699
321.75898635525965 50.696508460483614
324.08212905107314 53.22937931633583
325.20895253814507 57.44938291522141
325.2412184089203 54.70678389933048
327.5345772240182 59.77128461600511
329.835382009295 64.20287786747414
329.85275593971244 62.72609378199439
330.9870253969633 66.31318991567437
333.28534819218044 70.95575232221195
333.31513207289606 68.42412246138954
335.61593685817286 72.85571571285857
339.1229888124298 74.75629960102009
342.63748673686564 76.02397602397602
346.1470206811822 77.71359075706901
350.8379818938825 78.98188767753985
354.354961808378 80.03859494542723
359.0484050111379 81.09592271082954
364.9257574723413 81.52096350854114
373.1634824802527 81.31433783607696
380.2272261899591 80.89612251102935
383.76654401499127 80.05410738329992
388.4823251282878 79.21271275308543
392.0315709135584 77.52682100508187
394.40435341056457 75.84030875956341
399.1275804940401 74.3660066641433
400.321417712722 72.88984307617848
401.52021891152333 70.99174117807658
407.43231923356143 68.46321380482871
408.636084412482 66.14317359658975
411.01383088960733 64.03472304093421
413.3915773667327 61.926272485278695
414.5953425456531 59.60623227703972
418.1520343011026 57.287433063830576
421.71369003667144 54.546695540484365
422.9174552155919 52.226655332245386
426.4791109511607 49.485917808899174
428.85685742828593 47.377467253243644
433.5850484918808 45.48122684768647
433.6148323725964 42.949596986864066
436.0049888000199 39.78630065586587
437.2037899988211 37.88819875776397
440.7604817542706 35.56939954455481
441.96921091331035 32.82742102617878
445.52590266875984 30.508621812969636
447.9036491458852 28.400171257314113
451.46778687151357 25.44846457889936
453.85546130887747 22.496137402969694
457.4096710742673 20.388307344829073
458.6159182432474 17.85729798152157
462.17509198875666 15.327529613243883
465.7417117044446 12.16485377976062
469.30833142013273 9.002177946277328
474.0414864638467 6.683999230583069
479.9486228057657 4.577410167472266
483.500350581096 2.6805492644001987
490.5690582709216 1.8403956292155073
492.92198484745063 1.841636624245325
499.98324656709747 1.6343904542662244
505.86556300842017 1.6374929418407618
509.39743486327336 1.4283852793169416
516.4562145928605 1.432108264406395
527.0493481673607 1.0157544319034884
535.287073175272 0.809128759439318
539.9954083183898 0.6006415944304138
544.7012614714478 0.6031235844900351
556.4658943540932 0.6093285596391098
564.7011373719448 0.6136720422434649
574.1128436780612 0.6186360223627219
584.7010132724419 0.6242204999968948
594.1127195785581 0.6291844801161517
602.3479625964098 0.6335279627205068
612.9361321907905 0.6391124403546655
624.6982830833762 0.85628657057228
634.1099893894925 0.8612505506915511
644.6981589838733 0.8668350283257098
655.286328578254 0.8724195059598827
668.2274247491639 0.8792449786238592
678.8155943435447 0.8848294562580321
685.8743740731319 0.8885524413474712
690.5727812560111 1.5239418966126976
696.4377237669164 3.003828469666985
699.9571856714714 3.849566582485835
702.2902563275234 5.538560818063928
704.6307729537543 6.594647588436402
706.9588796296871 8.70558013415156
709.2845043155603 11.027481834935244
710.446075663467 12.293917262861356
711.5902730809563 15.037136776267218
715.0973250352133 16.937720664428724
717.4080577807287 20.525437295623618
718.5572191783372 22.8467184988924
718.5994130093509 19.260242862727324
720.8828438642104 25.168620199676084
724.3278460669766 32.34343296455097
724.3700398979902 28.756957328385894
726.65098876279 34.876303820403194
728.9716494685439 37.62014383132396
730.1158468860332 40.36336334472979
731.2674902737015 42.47367539293004
732.4141696812505 45.00592575126736
733.5459571484416 48.80399104001588
733.5583670987397 47.74914526467321
734.6653346653347 53.656902104107076
734.690154565931 51.547210553421735
738.1326747786375 58.93299247336515
738.1574946792338 56.823300922679806
741.6297987726558 61.6774529818008
742.7591042497875 65.68648742561786
742.788888130503 63.15485756479544
743.9107476374558 67.79679947381811
746.2413363034482 69.69676286446472
748.5520690489635 73.28447949565961
748.5719249694405 71.59672625511135
755.5835468878946 75.60886318650293
757.9091715737678 77.93076488728663
761.413741537965 80.04231793051669
762.5703489057527 81.73069166857987
766.0873288202481 82.78739893646726
768.4303274365386 83.6325165517712
771.9572353112726 83.84534719938446
780.187514349005 84.27162899212588
788.4302033370357 83.64306500952463
799.0258189015954 83.0157420219532
809.6139884959762 83.02132649958736
821.3786213786215 83.02753147473643
836.6726441260604 83.03559794243023
847.2608137204411 83.0411824200644
857.8489833148219 83.04676689769857
871.9764707342347 82.21033624760332
891.9763466347317 82.22088470535675
901.4004628911462 81.17100291013334
912.001042435825 80.12174161242484
921.4301226723587 78.64992150706436
930.8492749486538 78.02197802197801
943.8102270400407 76.34105025409373
956.7711791314276 74.66012248620943
963.8498147814918 72.97609223075061
968.5780058450866 71.07985182519343
974.4776962168266 69.60617022728823
980.3897965388649 67.07764285404036
985.1303975527579 64.12655667314051
991.0400158847364 61.80899845496118
993.4227263419812 59.27860958916859
999.3323446739595 56.96105137098926
1001.7125731411446 54.6416316602652
1005.2717468866538 52.11186329198751
1011.183847208692 49.58333591873964
1012.3826484074932 47.68523402063774
1012.4149142782684 44.9426350047468
1014.8025887156322 41.990307828817144
1017.2274930038906 35.87344332685946
1018.3667264412607 39.03860115040239
1019.6151674412544 32.921116150929805
1023.184269147002 29.547471162377988
1026.7434428925114 27.017702794100316
1026.7632988129883 25.329949553552026
1027.964582001849 23.220878500381588
1030.332400518736 21.95630456500021
1030.3572204193322 19.84661301431487
1033.9163941648414 17.316844646037183
1035.112713373583 15.629711903003809
1038.6669231389728 13.521881844863216
1044.5715774908324 11.626261936820953
1049.2923225842483 10.362928996469364
1052.8415683695189 8.677037248465808
1056.3784042044913 8.045991275804937
1065.8025204609057 6.996109480581524
1078.7485806119348 6.580996643108435
1088.1627689081106 6.374991468159166
1096.400493916022 6.168365795694982
1104.6382189239334 5.961740123230797
1112.8684979616658 6.388021915972232
1119.927277691253 6.391744901061671
1130.5154472856336 6.397329378695844
1139.92715359175 6.4022933588151005
1145.806988043013 6.616365001458163
1155.2137303690101 7.043267291714486
1164.6179907049473 7.681138737039348
1171.6693244643557 8.317769187334406
1178.7231402138236 8.74343048256091
1186.9534192515562 9.16971227530233
1190.4778451362304 9.59351207798413