201.26782884310617 0.22972128120503044
207.6069730586371 0.23153869640442792
213.946117274168 0.23335611160383962
220.28526148969888 0.4645313249683909
227.89223454833598 0.46671222320767924
239.30269413629162 0.4699835705666118
249.44532488114106 0.47289143488565344
257.05229793977816 0.4750723331249418
264.6592709984152 0.6695357594614535
273.5340729001585 2.0431381671730975
281.1410459587956 3.646461856089772
284.94453248811413 4.792160397795811
291.28367670364497 6.6252053679175305
295.0871632329635 9.376408496779533
297.6228209191759 12.81604850317683
298.8906497622821 15.79733639628374
300.15847860538827 19.237339885720914
303.9619651347068 21.52982741825265
303.9619651347068 24.052763198069158
305.22979397781296 27.03405109117608
309.0332805071315 30.702685412698628
310.3011093502377 33.68397330580555
312.8367670364501 35.97682432137715
315.37242472266246 39.18710652960931
316.6402535657686 42.39775222088136
319.17591125198095 46.066750025443795
320.44374009508715 49.506753514880984
322.9793977812995 52.25832012678287
325.5150554675119 55.00988673868476
329.31854199683045 58.44916326204219
329.31854199683045 60.9720990418587
330.5863708399366 63.494671338635335
333.122028526149 66.24623795053722
335.6576862123613 68.99780456243911
339.4611727416799 71.29029209497085
340.7290015847861 74.73029558440803
344.5324881141046 77.02278311693976
348.3359746434231 79.08591285130635
350.87163232963553 81.6081216650431
354.675118858954 83.21253580307942
355.9429477020602 84.35896131086523
358.4786053882726 85.04630773928088
361.0142630744849 86.42172756219195
363.5499207606973 87.10907399060758
367.35340729001587 86.1905523488274
368.62123613312207 84.81404207679668
371.15689381933436 82.51973712906555
373.69255150554676 80.68414777766469
374.96038034865296 78.39020631297343
374.96038034865296 76.32598612948719
376.2282091917591 74.49076026112621
377.4960380348653 71.73810320010467
380.03169572107765 68.29700926154786
382.56735340729 65.54398871748643
382.56735340729 63.4797685340002
382.56735340729 56.36967679088093
383.8351822503962 62.103258261969486
383.8351822503962 59.80968028031811
385.1030110935024 54.7634452376452
387.63866877971475 52.010424693583786
388.9064976228209 50.17519882522281
388.9064976228209 48.340336439901705
391.4421553090333 46.50474708850085
391.4421553090333 44.44052690501461
391.4421553090333 41.9175911251981
392.70998415213944 39.16493406417655
395.24564183835184 36.41191352011515
395.24564183835184 33.200904345803224
395.24564183835184 31.136684162316982
396.51347068145805 28.842742697625724
396.51347068145805 25.861091321478938
399.04912836767033 22.878712979252384
400.31695721077654 19.896698120065693
400.31695721077654 16.685688945753768
400.31695721077654 13.245321973276717
401.58478605388274 9.345875921429496
402.85261489698894 6.593218860407973
404.1204437400951 4.069919597551561
406.65610142630743 2.234330246150705
411.7274167987322 -0.2900594658253368
423.1378763866878 -0.29333081318426935
430.7448494453249 -0.5248695095886973
442.15530903328056 -0.5281408569476298
452.29793977812994 -0.5310487212666715
459.90491283676704 -0.30387182134082025
467.51188589540413 -0.07669492141496903
475.11885895404123 -0.07887581965425738
482.72583201267827 -0.08105671789354574
491.60063391442156 -0.08360109917272496
500.4754358161648 -0.08614548045188997
509.35023771790804 0.14066793643407038
515.689381933439 0.13885052123465869
527.0998415213945 0.13557917387572616
535.9746434231379 0.3623925907617007
544.8494453248811 0.3598482094825215
552.4564183835182 0.12830951307809357
557.5277337559429 -0.10250221724655262
563.8668779714739 -0.5630352287762435
572.7416798732171 -0.3362218118902689
577.8129952456418 -0.5670335422149293
585.4199683042789 -0.3398566422890781
594.2947702060221 -0.3424010235682431
604.4374009508716 -0.34530888788729897
612.0443740095087 -0.3474897861265873
623.4548335974642 -0.35076113348551985
637.4009508716324 -0.813475043254499
650.0792393026942 -0.3583942773230291
660.2218700475436 0.32677125285331954
666.5610142630745 0.7836694339842012
676.7036450079239 1.927550560490829
686.8462757527734 3.3007894851625963
693.1854199683044 4.675118858954022
696.9889064976228 6.050175198825215
700.7923930269413 7.654589336861534
703.3280507131537 10.176798150598273
707.1315372424723 11.551854490469466
708.3993660855784 13.156995594585553
709.6671949286847 15.679567891362169
714.7385103011093 17.51297634452375
716.0063391442155 20.49426423763066
718.5419968304278 21.86968406054173
719.8098256735341 23.70418296282294
722.3454833597465 24.85024498756887
724.8811410459588 26.684380406810206
727.4167987321712 28.97723142238182
728.6846275752773 31.49980371915845
732.4881141045959 34.02164904985531
736.2916006339144 35.85542098605677
741.3629160063391 37.45947164105321
743.8985736925515 38.60553366579914
746.4342313787639 39.522237892379934
750.2377179080823 40.89729423225111
752.7733755942947 41.584640660666764
757.8446909667194 40.436397737681546
757.8446909667194 39.74832434318614
761.6481774960381 39.05916049957108
766.7194928684627 37.910917576585874
771.7908082408875 36.992032451765795
776.8621236133122 34.69700053795489
780.6656101426307 33.549121098009564
784.4690966719493 31.48381046540368
789.540412044374 30.106209744253334
797.1473851030111 27.810450864362664
804.7543581616482 24.59726079181145
813.6291600633914 21.842422832550625
821.2361331220285 20.00537954899022
828.8431061806656 19.085767458090388
835.1822503961965 18.166518850230446
842.7892234548335 17.01754896116546
852.931854199683 16.09720990418586
859.2709984152139 15.40731909449103
866.8779714738511 14.717064801756337
875.7527733755942 13.567731429651474
883.3597464342314 13.10683493508192
889.6988906497623 13.105017519882509
899.8415213946117 12.872751857398328
907.4484944532488 12.87057095915904
920.1267828843106 12.637578330595076
931.5372424722661 11.946233588740725
940.4120443740095 11.71433140929642
955.6259904912837 10.56318062199216
965.7686212361332 9.413483766847435
977.1790808240887 8.034065630497665
988.5895404120444 6.884005292313049
1001.2678288431063 5.504223672923402
1015.2139461172742 4.812151964989297
1022.8209191759112 4.5806132685848695
1036.767036450079 4.1178993588159045
1046.9096671949285 3.885633696331709
1060.8557844690968 3.422919786562744
1076.0697305863707 3.4185579900841674
1086.21236133122 3.4156501257651115
1101.4263074484945 3.411288329286535
1115.3724247226623 3.866005612178114
1115.3724247226623 3.866005612178114
1130.5863708399363 3.861643815699537
1145.8003169572107 4.31599761555124
1163.549920760697 4.31090885299291
1177.496038034865 4.3069105395542095
1192.7099841521392 4.761264339405898
